36.830712651658544, 41.36715415185741
41.56925415154147, 36.23818487487488
42.22441467082979, 37.68240017706592
42.17711373968283, 37.61973147390625
42.184237299084714, 37.545573754949515
42.15981032577838, 37.55381350038369
42.15166590504598, 37.5922656457432
42.123152178897975, 37.551066918572296
42.14352043621453, 37.50162844596722
42.12518929938583, 37.4686694642305
42.09462561481842, 37.463176300607714
42.082396014839865, 37.50712160959001
42.049772222235426, 37.476909209664676
42.05385111310685, 37.54008059132673
42.07628033072647, 37.57853273668623
42.05792974204428, 37.61973146385713
42.023253047196526, 37.584025900309015
42.017131666103474, 37.51810793683558
41.98855742971665, 37.53184084589254
41.994681560637666, 37.44669680973936
42.03141397198422, 37.41648440981403
41.994681560637666, 37.37253910083174
41.955885447338275, 37.378032264454525
41.945672016099174, 37.42197757343681
41.91297803958061, 37.42472415524821
41.939543171861594, 37.47965579147607
41.89866915604945, 37.504375027778615
41.92932712235202, 37.570292991252046
41.91910943650482, 37.62247804566852
41.96813940463954, 37.61973146385713
41.95384289200848, 37.68015626370778
41.89866915604945, 37.691142590953355
41.87004176860997, 37.630717791102704
41.82298321493917, 37.65269044383496
41.82502995865838, 37.57303957130456
41.7779383010331, 37.61698488028686
41.79227420821377, 37.50437502601973
41.83935533269575, 37.4769092079058
41.81274851494982, 37.42747073530072
41.76155048220056, 37.41923098986654
41.722612635018045, 37.48514895333998
41.679548597187, 37.45768313764448
41.693906480258846, 37.52360110111791
41.67339423787256, 37.58402590096856
41.632350137255955, 37.592265646402744
41.66313566459625, 37.70212891885848
41.7185125391436, 37.67191651893315
41.71646239392318, 37.74332764602937
41.763599186866394, 37.71586182791544
41.792274206581716, 37.77628662776609
41.71031156586783, 37.817485354936984
41.67339423787256, 37.80100586406863
41.6344029634048, 37.825725100371166
41.68159991951331, 37.85593750029649
41.74515847542207, 37.85593750029649
41.72261263338421, 37.91361571833575
41.66108375378307, 37.89713622746739
41.693906480258846, 37.96030760912944
41.77384173717412, 37.94108153644969
41.82093640416171, 37.86692382754207
41.85163167129253, 37.792766118634454
41.87413217686871, 37.86692382754207
41.84140155135018, 37.9355883728269
41.89253579187869, 37.9355883728269
41.87822232718497, 38.00974608173451
41.94362912966445, 37.965800772752225
41.94567201228691, 37.87516357297625
41.93341373470688, 37.80375244588002
41.97834923168605, 37.779033209577484
41.998763983429754, 37.82847168218256
42.02325304338889, 37.71860840972683
42.05385110930108, 37.78177979138888
42.043653391004085, 37.89164306384461
42.025293372801535, 37.9355883728269
42.07424163746589, 37.93558837986233
42.100739529747024, 37.85593750733193
42.12722635346303, 37.916362307182574
42.11092807958388, 37.985026852467406
42.05996895737505, 37.985026852467406
42.09462561390746, 38.03995848869527
42.04977222132383, 38.056437979563626
42.01100969482525, 38.02347899782691
42.013050417087946, 38.083903797677564
41.96405501313957, 38.08939696130035
41.97834923458371, 38.171794415642154
42.023253046284516, 38.144328597528215
42.06812516749001, 38.19376707013329
42.09462561390746, 38.14158201571682
42.1190777405132, 38.19926023375608
42.14532994012939, 38.09783467648979
42.22752331883432, 38.06597246669028
42.19605762996926, 37.99162731049145
42.15232928150438, 38.00342812893572
42.17069887034452, 37.88069961711542
42.21703649759208, 37.929082972736886
42.20392552173381, 37.8299560978051
42.14620490012499, 37.83703658887166
42.16632564244118, 37.74853045053972
42.24150303768689, 37.80399429722773
42.247618190935356, 37.8570979802269
42.28342361363275, 37.81107478829429
42.27905818744747, 37.730829222873325
0,0
41.45637064128968, 36.523185774571196
41.518184140459134, 36.375655891238445
41.49800795965644, 36.23424668130659
41.40949090343665, 36.31389755383699
41.407430930135725, 36.17931504507872
41.32704103209068, 36.31664413564838
41.316727452145834, 36.04198595450906
41.41155081142264, 35.92937610024194
41.48772148512396, 36.0227598818293
41.52063245360172, 35.90191028212801
41.57613177812779, 36.05022569994324
41.670576436622035, 36.10515732935554
41.64595203695512, 35.94860216610612
41.740294433086504, 35.937615838860545
41.72184702658023, 35.77831409379974
41.65826541369947, 35.60802602149336
41.615158297904614, 35.77556751198835
41.5535266953672, 35.56957387613386
41.52680139984922, 35.70415638489212
41.41155081338486, 35.77007434836556
41.425968340418414, 35.57232045794525
41.351786966097876, 35.47893667635788
41.347663297044996, 35.632745257795904
41.25068189525197, 35.57781362156804
41.31879030067816, 35.300408858617324
41.234160061817434, 35.338861003976824
41.16182793410358, 35.53112173077435
41.19697066545187, 35.712396130326304
41.26307052907586, 35.74810169387442
41.16803095791068, 35.86620470758702
41.09148590546034, 35.70140979890343
41.037644073480095, 35.78380725324522
41.01485156747356, 35.60253285369327
41.0873457912015, 35.53661489021984
41.085275636244354, 35.300408854440015
40.994124261929336, 35.38005972697042
40.965095082604414, 35.26470329089191
40.93812797705965, 35.52837514478566
40.846772981477834, 35.470696926746406
40.92775308062614, 35.745355107885715
40.83014942479802, 35.75084826381348
40.86339235614681, 35.95958848147937
40.94435212638347, 35.85521837264643
41.025212768974804, 35.99254746321609
40.93605312161763, 36.02001328133002
40.97961126278774, 36.179315026390825
40.80936412495238, 36.08318466299207
40.85300573148873, 36.24248640805287
40.91114985116998, 36.261712480732626
40.9588728755479, 36.440240298473185
41.039715721794224, 36.30016462609213
41.085275629765, 36.140862881031325
41.16596334376751, 36.0474790976851
41.201103856709544, 36.22051375180287
41.12459742430171, 36.31389753339024
41.120459397213466, 36.50066509656497
41.240356230857934, 36.52538433286752
41.0542154829545, 36.654473678002994
40.96094701088765, 36.59404887815234
40.85508318497215, 36.728631389329045
40.86962354745648, 36.48143902630366
40.78649277109999, 36.574822807891024
40.80104817964671, 36.39080182652768
40.726157802597996, 36.3029112085631
40.672017835505585, 36.49791851717202
40.71991312903332, 36.62426128049611
40.66368470459419, 36.76708353468855
40.746969149533385, 36.81652200729363
40.703257801936395, 36.94011818880632
40.80520628168438, 36.874200225332885
40.85300572975217, 37.04448829763927
40.92152735252245, 36.8659604798987
41.0272848132469, 36.81652200729363
40.989978010312385, 37.01427589771394
41.09976534920569, 36.937371627001916
41.097695585567834, 36.761590391072744
41.17630074721342, 36.843987845414546
41.23209453199992, 36.70665875484488
41.263070522132566, 36.91265239069937
41.186636518469356, 36.975823772361416
41.31879029374079, 37.02526224496649
41.360033513687014, 36.882439990774046
41.364156399147085, 36.728631409336025
41.425968336295114, 36.964837439839286
41.395069716586924, 37.088433621351975
41.28164906977575, 37.140618675768444
41.19903729356663, 37.07470071229501
41.19903729356663, 37.23674903916721
41.11011319186598, 37.14611183939123
41.16803095859435, 37.36583838430269
41.287840743079514, 37.28893409358368
41.36415640195239, 37.34111914800015
41.465085489423345, 37.140618675768444
41.55147129140599, 37.14336525757984
41.514462919036994, 36.984063512519036
41.5925668728942, 36.92913187167418
41.48566399480406, 36.84948099914377
41.66852476157742, 36.698418999517145
41.68493632021598, 36.500665109096836
41.633636305151356, 36.35784285490438
41.55147129416314, 36.53362409083355
0,0
41.93270674365012, 35.763266291486325
41.95109348018985, 35.68498870482952
41.991933912838654, 35.63829681088271
41.95619996775874, 35.60396453603323
41.96947491627113, 35.52706024037041
41.928620083894536, 35.58885833509947
41.922489600800226, 35.50371429347276
41.95926366289573, 35.414450378864125
41.91431470701799, 35.39934417793036
41.8775147264045, 35.45427581768952
41.8775147264045, 35.54903289627406
41.80896942514558, 35.477621764587155
41.83353140652261, 35.40621063290025
41.8775147264045, 35.39247772296046
41.85910678487198, 35.23866913163481
41.915336626010024, 35.2524020415746
41.92555491598152, 35.32381317326151
41.97866364503248, 35.28948089841204
41.94190077637586, 35.142538762056276
41.90511669978708, 35.138418889074345
41.8222750012245, 35.19472381982748
41.78951784181939, 35.14528534404423
41.81408728153122, 35.28536102543009
41.77620546197237, 35.34990570214711
41.76186596205524, 35.22356293070104
41.73215251395055, 35.26888153356731
41.717803170226325, 35.170004582000814
41.72907792436416, 35.09447357733197
41.67678738800787, 35.10957977826574
41.68396703768483, 35.22081634444893
41.64190340771288, 35.183737487611495
41.6685810923205, 35.314200132039495
41.72702811578192, 35.33891936993112
41.69114588676287, 35.4254367025518
41.63779816590353, 35.348532407040494
41.59673138443539, 35.29360076728133
41.619321350210846, 35.41033050176955
41.6931968374532, 35.49135467041432
41.736251735469665, 35.44466277661903
41.73112766475543, 35.53804656420961
41.67678738565546, 35.560019220113276
41.64087712034128, 35.494101252402274
41.5864606034359, 35.45839568655882
41.555638455020876, 35.347159122345474
41.54124975370206, 35.42818329099023
41.57105136697809, 35.50920745963499
41.611107731373465, 35.551779480448346
41.706526434419345, 35.636923522010115
41.76289031531882, 35.60533782817454
41.775181315250094, 35.52843353251171
41.817157796065864, 35.610830992150454
41.75469500712789, 35.69048186980124
41.80180373623836, 35.720694271668776
41.86626605562282, 35.638296812030035
41.86012958708802, 35.716574398621894
41.83353140626504, 35.75090667347137
41.8836495286253, 35.7893588211729
41.83557781264725, 35.815451350058495
41.790541754309984, 35.7728793292668
41.72702811647988, 35.7399203454113
41.76801185224873, 35.83055755101392
41.86933407119578, 35.87175628083329
41.91738041480841, 35.847037043699274
41.91227081984861, 35.9170748843922
41.97560088264264, 35.915701593398225
41.9776427425613, 35.98848601581933
42.024587404711085, 35.88823577325887
42.048046747244925, 35.929434503078234
42.057224132659506, 35.82918426051777
42.10512893338365, 35.82643767852981
42.09697747890429, 35.75914641982484
42.047026955900954, 35.77837249374054
42.0184661520789, 35.81545135057798
41.99805772083062, 35.790732112686364
42.06028296645388, 35.68361541515599
42.11226059642579, 35.67949554217406
42.13365077143164, 35.73717376392117
42.1764094590236, 35.760519709628284
42.13670592414222, 35.837424005291105
42.25167589236533, 35.724814143784826
42.2150709936356, 35.71657439782095
42.23134245849196, 35.59984466333273
42.200830022052486, 35.62181731923639
42.183533097763835, 35.68086883197749
42.16012384267715, 35.63417693818221
42.19167341647882, 35.538046568603676
42.14994320343177, 35.555899351525404
42.13365077436179, 35.60396453631467
42.089844099562534, 35.61220428227855
42.12142870040994, 35.477621761664984
42.16521354711622, 35.46800872470713
42.2242242075584, 35.49410125359273
42.209985299852704, 35.40346404799012
42.168267173881524, 35.41719695792991
42.20083002100443, 35.32793304332127
42.151979461245425, 35.35402557220687
42.171320653249396, 35.273001403562105
42.14688869126578, 35.1754977429896
42.12142870040994, 35.2537753296464
42.064361184198255, 35.1947238169053
42.05722413454277, 35.27025482157415
42.09188228959952, 35.3196932973574
42.09697748078639, 35.39659759302022
42.06628866096515, 35.460183285325364
42.02887817757246, 35.42269233648892
42.01408191011846, 35.35708317602514
41.99231643877408, 35.460183285325364
42.04019064709616, 35.51290493212661
42.03583993541397, 35.60311753411689
41.99667012853398, 35.709732419870534
0,0
41.46431235623998, 40.46920958144468
41.519274092850715, 40.42564305414884
41.54502135324595, 40.49213933265302
41.58619565242739, 40.361439750765506
41.54158897730747, 40.29494347226134
41.507255197698974, 40.32245917371134
41.48836385386594, 40.148193064527995
41.55188555853085, 40.13214223868216
41.51755724445881, 40.05188810945299
41.45743886053277, 40.03125133336549
41.519274092850715, 39.957876129498814
41.41618258828884, 39.934946378290476
41.38350277604384, 40.06793893529882
41.42306045474419, 40.15965794013216
41.354249015679095, 40.125263313319664
41.31464946381686, 39.98080588070715
41.347363866405814, 39.81341869688631
41.28364171926687, 39.82946952273214
41.23537815075878, 39.905137701719646
41.264685282613385, 40.06335298411745
41.204332736424014, 39.99685670561329
41.202607559242665, 40.129849262621626
41.140470893955815, 40.10462653629246
41.140470893955815, 39.8065397705841
41.08691710075943, 39.93036042689225
41.102469475996955, 40.019786456604756
41.05407221788788, 40.05647405853809
40.98833323331274, 39.971633978488974
40.96755992344951, 40.14360711255149
41.01083026940527, 40.1986385154515
40.93563455531773, 40.24190596435387
40.897514743031124, 40.14560100927887
40.92524042292722, 39.99426465130386
40.82467952480064, 40.0928625814997
40.85763870879549, 40.20521836368552
40.77434180169199, 40.17311671199385
40.77086882588672, 39.98509275168794
40.711253888850365, 40.069402037322064
40.632372446244275, 40.060735135957074
40.647717809804895, 40.2311841903975
40.7068740310904, 40.33518700185938
40.78785469435674, 40.364076679496605
40.674015946483266, 40.44496775507806
40.57753877097916, 40.317853207462555
40.518267882172836, 40.43052291915102
40.60825116853975, 40.56919333443352
40.74409360582779, 40.57786023538867
40.85344228437686, 40.468079489956686
40.88402762888756, 40.65875131142552
40.96479230947167, 40.52008089614301
41.11296722989379, 40.563415402330406
41.13037763964206, 40.814755530029956
41.00840779606554, 40.74830928937375
40.90368217681564, 40.901424538852936
40.781292370273846, 40.7887548264359
40.6740159455465, 40.999649416071485
40.62579477961853, 40.77719895822246
40.53144372637205, 40.74542032138688
40.55120263179525, 41.00253838305654
40.61921646639369, 41.15854260024935
40.77254159159035, 41.060317722757574
40.73971591808004, 41.25098955051038
40.54242161477608, 41.32899166111036
40.5094825491925, 41.17876537765996
40.39516849288026, 41.18454331163006
40.45015144600681, 41.45032827425487
40.57095570603487, 41.57455385461212
40.6433337781143, 41.39254893455382
40.72220226068477, 41.554331088266785
40.68497044100413, 41.66988976766886
40.820656594378775, 41.62944422987813
40.8599974739678, 41.450328276804896
40.85562741823127, 41.26543438976156
41.014947629427205, 41.222099883483146
41.04545827151056, 41.39832686957133
41.143432415061206, 41.453217242287316
41.10861390503765, 41.25098955333366
41.034563236685194, 41.02276116151454
41.165184601301135, 40.99098252467897
41.27600846022063, 41.09209636915578
41.2868634348914, 41.279879223184174
41.39748103354094, 41.30010199148757
41.36279770332348, 41.45032827471028
41.529541506569366, 41.43299447279996
41.525215919860145, 41.170098477160224
41.43864346196136, 41.0747625666535
41.607352609049734, 41.066095665698334
41.66564942638595, 41.210544014950955
41.760538647874554, 41.002538391708434
41.756228540647804, 40.85809004245582
41.667807557842075, 40.89275764627645
41.59655111864169, 40.77142103290426
41.49709255564873, 40.83786727278633
41.36930223492344, 40.75119826323478
41.29771660892906, 40.86675694263686
41.271665969751474, 40.62697268287752
41.24994915938096, 40.44496775316555
41.364965951240464, 40.45363465412071
41.4429748294353, 40.641417508149104
0,0
38.20606178010753, 39.10866846068104
38.179500901320594, 38.8555050998869
38.01523010688399, 38.811559789607884
38.17086427782211, 38.668737531201074
38.157907423507126, 38.41605199709674
38.041192145746486, 38.487463126300135
37.94162104616006, 38.28421606625969
38.041192145746486, 37.98758522187633
38.17086427782211, 38.16885962677727
38.166545582250045, 37.69644754127785
37.91995727477218, 37.817297144545144
37.82456086578991, 37.652502230998834
37.7985222298194, 37.90518776510318
37.615994809494204, 38.042516859725104
37.63774783192285, 37.72391336020224
37.53327528030201, 37.729406523987116
37.41556849088991, 37.56461161044081
37.39811468570493, 37.817297144545144
37.214604391861066, 37.729406523987116
37.31515359655032, 37.98758521965535
37.467905501992945, 38.00955787479487
37.36319487548373, 38.289709227823586
37.21022963896897, 38.141393805631914
37.07448663467278, 38.23477759358391
37.1139209832475, 37.94913307677031
36.95167081514559, 37.96561256812494
36.87700727887398, 37.72391336159035
36.84624223058314, 38.08646217139223
36.67461037078511, 38.22379126601415
36.89458174488623, 38.44351781740923
36.80227068040669, 38.64127171366481
37.004330468784666, 38.597326403385786
36.93850020844469, 38.91592990290865
36.683421344954716, 38.82803928235063
36.78907428879452, 39.12467012673398
37.1270612051006, 39.069738488885214
37.14457795263919, 38.65775120501944
37.32389064942126, 39.00382052346669
37.201479368160754, 39.377355660838326
37.00871712813944, 39.42679413490222
37.122681384578904, 39.690465996576314
36.76707525126264, 39.58609588466365
36.77587562393349, 39.981603677174796
36.995556390679866, 39.855260910122624
37.14019914595858, 40.05850797016307
36.92971853911839, 40.316686668052284
36.67020450526887, 40.18485073721524
36.73186366045858, 40.53641321944737
37.07886924235469, 40.45401576267422
37.271453035238224, 40.53641321944737
37.354462372606, 40.168371245860605
37.48970177495398, 40.43753627131958
37.73338546044134, 40.34964565076155
37.74641740080174, 40.08048062530258
37.5506975393726, 40.03653531502356
37.555052471476955, 39.61356170358803
37.737729703919214, 39.728918144458575
37.96327842775057, 39.49271210170886
37.8982871147981, 39.90469938557464
38.084441756461445, 40.140905428324345
37.90695594249255, 40.44852260027746
37.99791696463428, 40.65726282410278
37.7420736840422, 40.695714970596924
37.56376158069073, 40.992345814980276
37.43738002339088, 40.800085082509575
37.28019518460627, 40.94840050470126
37.511491708861925, 41.16812705609634
37.559407157563456, 41.415319426415806
37.750760879519774, 41.32742880585777
37.8288997401474, 41.02530479768954
37.92429053426212, 41.3219356420729
38.11902304018443, 41.26700400422413
38.07146955591913, 40.95938683227102
38.300306123380736, 41.096715941051706
38.33478502222566, 40.69571498475568
38.57997223625001, 40.72867396746494
38.485437329885904, 40.30020719224454
38.36494060678276, 40.432043123081584
38.15790742745369, 40.37161832144794
38.39077825533707, 39.86075408945438
38.64435661444565, 39.93216521865778
38.760102834307126, 40.27823454432322
38.90986524295257, 40.036535337788635
38.96968193916282, 39.50369845065556
38.71725571057543, 39.60257539878335
38.64435661919973, 39.30594455439999
38.41230258440056, 39.333410373324384
38.411283638976116, 39.33334336810971
0,0
39.75691506601077, 38.96089517457833
39.758324292021285, 38.92469098971096
39.7334747917017, 38.915804317920596
39.74459843185799, 38.88227009023292
39.71425700279366, 38.8842426918616
39.705151969132835, 38.8461057256446
39.69705759812918, 38.91120157939126
39.71223376493302, 38.9302700618019
39.68390222042031, 38.942105671574026
39.6661890996584, 38.9302700618019
39.678335729066625, 38.98353030577645
39.69857536500996, 38.95985908623221
39.70161079864023, 38.99996865268217
39.66871982357637, 39.008516593073146
39.65606527706042, 38.98155770414776
39.64796515121166, 39.033502880369845
39.67125045479859, 39.049941227275575
39.689974244710704, 39.03218781261739
39.723360832459406, 39.045996024018194
39.728923693019446, 39.009174126949375
39.744092849651516, 39.03218781261739
39.73600304865411, 39.0755850495119
39.70211669167825, 39.06966724462584
39.68997424512384, 39.103859006189744
39.65707772647055, 39.08610559153156
39.63631955799685, 39.05454396547257
39.63631955799685, 39.11043434495203
39.6661891000717, 39.124900090229076
39.64695256916116, 39.15251651303069
39.618594239884246, 39.121612420847924
39.622646141499324, 39.16040691954544
39.60441071503377, 39.177502810429814
39.632774856534574, 39.18736581857324
39.666695251159155, 39.176845276553586
39.648471436184025, 39.22155758013715
39.6201137296773, 39.21761237687978
39.60035774596782, 39.24588633355763
39.62619135969855, 39.26232468046335
39.666695251159155, 39.25114660456746
39.6747931820797, 39.2090644364888
39.688456288001746, 39.25311920619614
39.664164453085746, 39.284680832255134
39.63986407558993, 39.28007809512153
39.618087734390045, 39.31229725505675
39.59782451985126, 39.28270823062645
39.573500835215015, 39.277447959616616
39.56488414955287, 39.311639721180526
39.58870413868236, 39.342543813363285
39.59427784763268, 39.314927390561664
39.607956868388484, 39.383968447565714
39.6373322950501, 39.3405712117346
39.64543366654853, 39.37279037166982
39.678335728368324, 39.355036957011635
39.661127373043094, 39.32281779707642
39.69503385633748, 39.29783150977971
39.70312846469103, 39.35700955864032
39.72588946167942, 39.342543817018786
39.71223376553307, 39.39909173037448
39.685926288449565, 39.39974926425071
39.700599002864664, 39.42868075480479
39.65505281384392, 39.40961227239414
39.639357728205354, 39.43065335643347
39.66770754574282, 39.460242380863775
39.72791229781954, 39.45300950822525
39.73802558823237, 39.41618761115643
39.76684032506889, 39.406324603013
39.74864294622168, 39.36621503656303
39.78048520371227, 39.34451641864747
39.75420376654327, 39.3109821909598
39.724372295644756, 39.318872597474545
39.725383743383624, 39.27547536164343
39.71324539131584, 39.225502787050026
39.750159578099925, 39.23536579519347
39.744598431317705, 39.176845280209086
39.70009309912373, 39.18670828835252
39.70312846599902, 39.13673571375912
39.73954245381871, 39.113064494214875
39.76835655626737, 39.14528365415009
39.784527612158946, 39.119639832877496
39.78048520461615, 39.191968559262676
39.76633490815301, 39.20183156740612
39.79513780205917, 39.243256201608546
39.77442114804105, 39.27087262441016
39.81332289161405, 39.30243425046915
39.836047490719444, 39.24917400965159
39.853212202059844, 39.30374932137859
39.833017978577885, 39.34517395558102
39.885510605810985, 39.290598644651574
39.863307087353796, 39.26298222184996
39.887024220313975, 39.20906444399919
39.85270741971216, 39.21037951175164
39.81534316100176, 39.184735685461064
39.83503766788196, 39.13016037373406
39.863307087138075, 39.142653515022964
39.860278777726016, 39.07690012740007
39.81685832359967, 39.093996006453985
39.779474566509336, 39.058489177137616
39.815848218984534, 39.03679055922206
39.798674169250006, 38.98813305238112
39.769367360303725, 39.01574947518274
0,0
40.47081967956401, 39.28424172566543
40.438957128841245, 39.19118865708218
40.529195108223306, 39.174904370080114
40.49559121672101, 39.088830281640604
40.405308046183286, 39.03765109391982
40.45489029286743, 38.9539033321949
40.36809737425665, 38.97251394591155
40.327319243869894, 39.08185130149686
40.27941781014605, 38.99577721305736
40.27054344702057, 38.89807149104495
40.20483696756344, 38.9655349657678
40.219049176527044, 39.102788241928096
40.14440183010551, 39.07021966322109
40.19239883625849, 39.26330478053133
40.29893730813271, 39.3051786659791
40.20128344850503, 39.38892642770402
40.139066735388965, 39.30983131882039
40.08747254787989, 39.321462952393304
40.108826614030626, 39.156293755658034
40.01802555617584, 39.18420967517486
39.97703647298758, 39.28424172390186
40.028714313975364, 39.44708459392254
40.1159431438638, 39.465695207639186
40.08747254559635, 39.60062216578523
40.19950661575898, 39.49593746362908
40.2634431165431, 39.658780334237626
40.31845116926845, 39.507569097789855
40.42656205521463, 39.512221751219016
40.359234659147475, 39.74718074939172
40.22260176162064, 39.814644224114566
40.16929340554756, 39.70995952195841
40.07857304100804, 39.72391748377434
40.12661654821857, 39.86349708664921
40.06789209909055, 39.93328688808665
40.185290309706254, 40.05425587724488
40.23503434459071, 39.94491852165956
40.30780794476765, 39.85651811073807
40.316677415843074, 40.02866628761708
40.399993494119094, 39.8774550511693
40.49028379932802, 39.84953913059432
40.42833292069305, 40.02866628761708
40.4778981939739, 40.15894058363363
40.346824903475174, 40.18453017749402
40.25811738165175, 40.16359323706279
40.18884466968309, 40.27060426593352
40.29538872829478, 40.328762433798055
40.22615416287921, 40.50323693739165
40.128395289710404, 40.370636314660516
40.06433141679462, 40.34969937399415
40.10882661154056, 40.21011976770968
40.00198928026741, 40.203140787565935
39.98773164967594, 40.45205774602612
40.076792999413875, 40.547437141323954
39.97525378134322, 40.57070040846977
39.93423902877713, 40.424141825451144
39.857493309023205, 40.48462632003026
39.88784491182542, 40.61490061604681
39.98238427087852, 40.691669415851656
39.911045898205174, 40.801006771436974
40.08213298183309, 40.71260635628289
40.05899003371696, 40.894059840020226
39.97703647350772, 40.8847545331619
39.907477026982235, 40.91964943388062
39.99664301764064, 41.02666046275135
40.1106058145886, 41.06853434361381
40.16040460163875, 40.93128106745352
40.23503434369331, 40.99409188874722
40.222601757822545, 40.81496473172446
40.17640360380965, 40.724237989855794
40.27764302544938, 40.66375349527668
40.341505737276954, 40.85683861740737
40.38936313221103, 40.726564321390825
40.33795939343523, 40.54976349108266
40.46551030331015, 40.5567424712264
40.54510686255423, 40.66607982681172
40.44072766651155, 40.801006776257424
40.52035361119281, 40.90569147841358
40.40530804577055, 40.98013393328018
40.284741869014795, 40.9033651529923
40.311355873468536, 41.09412394358795
40.44072766695906, 41.1011029237317
40.55040994143951, 41.18019803202746
40.59458593019442, 41.02200781543595
40.71107037832074, 40.870796571581145
40.615780049157785, 40.812638403716605
40.716360293403746, 40.59629001926056
40.59811875387714, 40.51719491096479
40.704016504432275, 40.36598367451701
40.57161806039197, 40.359004694373276
40.58928635606821, 40.19848815106717
40.53626747037492, 40.08682446876727
40.65638331446326, 40.063561201621454
40.67755782551037, 40.19616181929703
40.73399031035177, 40.09845609728462
40.68108625666965, 39.951897514266
40.580452790764696, 39.94026587928222
40.64579353822664, 39.81697056340943
40.53273138411969, 39.74020178182824
40.63520208221312, 39.642496059815834
40.46374042232185, 39.672738307105384
0,0